main
    0.1000    0.1000

   -0.5073   -0.5088   -0.5192   -0.4897   -0.5016   -0.4929   -0.4957   -0.5124   -0.5039   -0.5154
   -0.1576         0         0         0         0         0   -0.1628         0         0   -0.0264
    0.0669    0.0901    0.0994    0.0934    0.1018    0.0971    0.0696    0.0921    0.0971    0.0960
   -0.4245   -0.4196   -0.4205   -0.4073   -0.4041   -0.4082   -0.4177   -0.4097   -0.4165   -0.4261

    0.1000    0.3000

   -0.5181   -0.5103   -0.5051   -0.5227   -0.5041   -0.5135   -0.4993   -0.5096   -0.4775   -0.5060
         0         0         0   -0.1730   -0.0018   -0.0739   -0.0022         0         0         0
    0.1087    0.1147    0.1244    0.0693    0.0877    0.0908    0.0706    0.1028    0.0841    0.0965
   -0.4397   -0.4041   -0.4037   -0.4362   -0.4272   -0.4485   -0.4319   -0.4373   -0.4205   -0.4342

    0.1000    0.5000

   -0.5165   -0.5207   -0.5045   -0.4899   -0.5236   -0.4903   -0.5145   -0.5017   -0.5202   -0.4914
         0         0         0   -0.1994         0         0         0         0   -0.0605         0
    0.0814    0.0977    0.1185    0.0581    0.0804    0.0585    0.0927    0.0827    0.0788    0.1167
   -0.4223   -0.4282   -0.4034   -0.4064   -0.4595   -0.4430   -0.4470   -0.4441   -0.4433   -0.4105

    0.1000    0.7000

   -0.5140   -0.5001   -0.5041   -0.5053   -0.5079   -0.5090   -0.5026   -0.5095   -0.5080   -0.5074
   -0.0043         0   -0.0348   -0.1486   -0.2078         0   -0.0861   -0.0011         0   -0.2017
    0.0769    0.1014    0.1101    0.0714    0.0626    0.0968    0.0736    0.0850    0.0877    0.0768
   -0.4399   -0.4150   -0.4121   -0.4302   -0.4495   -0.4375   -0.4200   -0.4339   -0.4287   -0.4430

    0.1000    0.9000

   -0.4977   -0.5113   -0.5170   -0.4864   -0.5168   -0.4880   -0.4891   -0.4960   -0.5077   -0.4948
         0         0         0         0   -0.0007   -0.0050         0         0         0         0
    0.0881    0.1028    0.0848    0.0866    0.0847    0.0857    0.0910    0.0836    0.0973    0.0912
   -0.4288   -0.4201   -0.4354   -0.4100   -0.4240   -0.4149   -0.4130   -0.4211   -0.4255   -0.4027

    0.3000    0.1000

   -0.5226   -0.5012   -0.5027   -0.5227   -0.5123   -0.5175   -0.5121   -0.5113   -0.5000   -0.5072
         0         0         0   -0.0538   -0.0522         0         0         0         0         0
    0.1169    0.1052    0.1033    0.0980    0.0976    0.0949    0.0995    0.1070    0.1011    0.1019
   -0.4269   -0.4121   -0.4066   -0.4304   -0.4175   -0.4434   -0.4139   -0.4257   -0.4263   -0.4235

    0.3000    0.3000

   -0.5110   -0.5146   -0.5163   -0.5185   -0.5109   -0.5032   -0.5182   -0.5200   -0.5213   -0.4925
         0         0   -0.0211         0         0         0         0         0         0         0
    0.0982    0.1110    0.0731    0.1027    0.1025    0.1253    0.1110    0.1066    0.1167    0.0679
   -0.4359   -0.4273   -0.4410   -0.4369   -0.4253   -0.4110   -0.4232   -0.4477   -0.4316   -0.4353

    0.3000    0.5000

   -0.5087   -0.5054   -0.5177   -0.5125   -0.5092   -0.5097   -0.4995   -0.5008   -0.5168   -0.5117
   -0.0247         0   -0.1167         0         0         0         0   -0.0960   -0.1261         0
    0.0866    0.0948    0.0654    0.0971    0.0878    0.1043    0.0896    0.0806    0.0736    0.0942
   -0.4397   -0.4289   -0.4581   -0.4433   -0.4458   -0.4240   -0.4179   -0.4314   -0.4278   -0.4286

    0.3000    0.7000

   -0.5123   -0.5130   -0.5259   -0.5181   -0.4968   -0.5151   -0.5090   -0.5194   -0.5101   -0.5127
         0         0         0   -0.1687   -0.0384         0   -0.0201   -0.0254         0   -0.0381
    0.0808    0.0932    0.1062    0.0777    0.1060    0.1034    0.0819    0.1035    0.1051    0.0810
   -0.4366   -0.4402   -0.4145   -0.4323   -0.4062   -0.4321   -0.4299   -0.4308   -0.4314   -0.4390

    0.3000    0.9000

   -0.4963   -0.4972   -0.5068   -0.4823   -0.4802   -0.5066   -0.5013   -0.5054   -0.4725   -0.4700
         0         0         0         0         0         0         0         0   -0.1807   -0.0698
    0.1067    0.0706    0.0978    0.0763    0.0821    0.0858    0.0653    0.1005    0.0655    0.0737
   -0.4167   -0.4228   -0.4032   -0.3904   -0.4128   -0.4175   -0.4144   -0.4194   -0.3848   -0.4045

    0.5000    0.1000

   -0.5070   -0.4702   -0.5163   -0.5119   -0.5094   -0.5180   -0.5092   -0.4894   -0.5089   -0.4997
         0   -0.0025         0         0         0         0         0   -0.0097         0         0
    0.0868    0.0847    0.1222    0.0645    0.1014    0.0950    0.0865    0.0780    0.1221    0.1041
   -0.4213   -0.3902   -0.3764   -0.4515   -0.4141   -0.4375   -0.4490   -0.4309   -0.3989   -0.4352

    0.5000    0.3000

   -0.4831   -0.5138   -0.5142   -0.4950   -0.4889   -0.4879   -0.5153   -0.5106   -0.4996   -0.5083
         0         0         0         0         0         0         0         0   -0.0377         0
    0.0833    0.0998    0.1091    0.1078    0.0746    0.1022    0.0951    0.1004    0.0967    0.1054
   -0.4094   -0.4201   -0.4306   -0.3992   -0.4336   -0.4100   -0.4483   -0.4237   -0.4146   -0.4226

    0.5000    0.5000

   -0.4881   -0.5186   -0.5123   -0.5105   -0.5161   -0.4838   -0.5126   -0.5053   -0.5103   -0.5077
   -0.0466   -0.1552         0   -0.0083         0         0         0   -0.0018         0         0
    0.0915    0.0635    0.1032    0.1057    0.0871    0.0834    0.0907    0.1040    0.0952    0.1116
   -0.4162   -0.4487   -0.4101   -0.4311   -0.4394   -0.4115   -0.4205   -0.4064   -0.4404   -0.4115

    0.5000    0.7000

   -0.5043   -0.5110   -0.5076   -0.5135   -0.5119   -0.5037   -0.5122   -0.4739   -0.5084   -0.5038
         0   -0.0447         0   -0.0442         0         0         0   -0.1727         0   -0.0004
    0.0925    0.0938    0.0826    0.1093    0.0811    0.0878    0.1051    0.0574    0.0990    0.1006
   -0.4228   -0.4409   -0.4470   -0.4184   -0.4228   -0.4332   -0.4400   -0.4035   -0.4275   -0.4182

    0.5000    0.9000

   -0.4963   -0.4981   -0.4988   -0.4859   -0.4932   -0.4804   -0.4988   -0.4861   -0.4875   -0.4953
         0         0   -0.0595         0         0   -0.1884         0         0         0         0
    0.0834    0.0743    0.0646    0.0873    0.0859    0.0599    0.0896    0.0984    0.1030    0.0766
   -0.4062   -0.4362   -0.4273   -0.3966   -0.4137   -0.4057   -0.4056   -0.3941   -0.3987   -0.4040

    0.7000    0.1000

   -0.4982   -0.5031   -0.4975   -0.4964   -0.5000   -0.4850   -0.5036   -0.4901   -0.4826   -0.4879
         0         0         0         0   -0.0032   -0.0110         0         0         0         0
    0.0866    0.0708    0.0955    0.1050    0.0826    0.1080    0.1036    0.0927    0.1030    0.0835
   -0.4119   -0.4332   -0.4006   -0.4008   -0.4190   -0.3997   -0.4229   -0.4114   -0.3953   -0.4145

    0.7000    0.3000

   -0.5005   -0.5107   -0.4806   -0.5000   -0.4986   -0.4864   -0.4983   -0.5107   -0.5118   -0.4955
   -0.0732         0   -0.0315   -0.0370   -0.0276         0         0   -0.0018         0         0
    0.1069    0.1144    0.0907    0.0746    0.0817    0.0972    0.0977    0.0797    0.1084    0.0978
   -0.3996   -0.4105   -0.4059   -0.4267   -0.4152   -0.3869   -0.4098   -0.4503   -0.4258   -0.4122

    0.7000    0.5000

   -0.4985   -0.5121   -0.5036   -0.5181   -0.5152   -0.5109   -0.5007   -0.5189   -0.5095   -0.5129
         0   -0.0170         0   -0.0289         0         0   -0.0420   -0.1723   -0.0223         0
    0.1084    0.1021    0.1070    0.1001    0.1010    0.1183    0.0785    0.0674    0.0962    0.1075
   -0.4038   -0.4225   -0.4216   -0.4400   -0.4135   -0.4072   -0.4250   -0.4528   -0.4244   -0.4141

    0.7000    0.7000

   -0.5115   -0.5050   -0.5033   -0.5003   -0.5098   -0.5206   -0.4981   -0.5226   -0.4918   -0.5161
         0         0   -0.0502   -0.0873         0         0         0   -0.0022         0         0
    0.1105    0.1087    0.1014    0.0706    0.1029    0.0839    0.0791    0.0893    0.0837    0.0831
   -0.4315   -0.4235   -0.4166   -0.4245   -0.4164   -0.4175   -0.4281   -0.4446   -0.4217   -0.4490

    0.7000    0.9000

   -0.4771   -0.5205   -0.4810   -0.5030   -0.4920   -0.4938   -0.4908   -0.5088   -0.4879   -0.4877
         0         0         0   -0.0456   -0.0018         0   -0.0450         0         0         0
    0.0844    0.0820    0.0845    0.0945    0.0679    0.0700    0.0947    0.0953    0.0820    0.0833
   -0.3980   -0.4379   -0.4064   -0.3998   -0.4088   -0.4117   -0.4215   -0.4112   -0.4281   -0.4143

    0.9000    0.1000

   -0.4939   -0.5010   -0.4949   -0.4962   -0.4933   -0.4957   -0.5248   -0.4856   -0.4907   -0.4955
   -0.1090   -0.0649         0         0   -0.1029   -0.0569         0   -0.0025         0         0
    0.0701    0.0677    0.0952    0.1002    0.0592    0.0924    0.0880    0.0998    0.0731    0.0959
   -0.4193   -0.4304   -0.3962   -0.4120   -0.4081   -0.3850   -0.4073   -0.4114   -0.4238   -0.4107

    0.9000    0.3000

   -0.5019   -0.5087   -0.4895   -0.4917   -0.5007   -0.5090   -0.4982   -0.4964   -0.5107   -0.4802
   -0.0033         0   -0.1910         0         0         0         0         0   -0.0464   -0.0484
    0.0810    0.0720    0.0507    0.0888    0.0998    0.1009    0.0903    0.0927    0.0917    0.0689
   -0.4403   -0.4351   -0.4432   -0.4221   -0.4190   -0.4029   -0.4255   -0.4207   -0.4232   -0.4172

    0.9000    0.5000

   -0.4938   -0.5199   -0.4932   -0.4819   -0.5177   -0.5071   -0.5189   -0.5123   -0.5067   -0.4996
         0         0         0         0   -0.0256   -0.2111         0         0         0         0
    0.0953    0.1004    0.0878    0.1120    0.0719    0.0697    0.1018    0.1077    0.0948    0.1010
   -0.4158   -0.4267   -0.4197   -0.3980   -0.4465   -0.4328   -0.4226   -0.4034   -0.4117   -0.4270

    0.9000    0.7000

   -0.5035   -0.5106   -0.5091   -0.4874   -0.5032   -0.5064   -0.4934   -0.4877   -0.4996   -0.5077
         0         0         0   -0.0308         0         0         0         0         0   -0.2584
    0.0871    0.0988    0.0781    0.0806    0.1111    0.0877    0.0863    0.0843    0.0916    0.0486
   -0.4351   -0.4263   -0.4307   -0.4049   -0.3999   -0.4346   -0.4234   -0.4235   -0.4085   -0.4485

    0.9000    0.9000

   -0.4996   -0.4827   -0.5100   -0.4879   -0.4974   -0.4959   -0.5189   -0.4983   -0.5030   -0.5070
         0         0         0         0         0         0         0         0         0         0
    0.0904    0.0654    0.0914    0.0838    0.0748    0.0760    0.0886    0.0725    0.0933    0.0777
   -0.3944   -0.4094   -0.3917   -0.4039   -0.4136   -0.3989   -0.4297   -0.4128   -0.4111   -0.4007